cat.bin
2969956365 3555874196 1769092459 3530511423
1782146716    5877454 3207606142 1301395966
1708091366 1459124469 1029030136 4221639606
1283269044 2718204534 2548821438 3346849039

ls.bin
2969956365  189738709 3554879534 3363021847
2257248918 2147550507   48418250 1312373103
1202688807 2838372915 4031273149  328145039
3365477761 3749258061 2059074203

me.bin
2969956365  477959557 3749002939 2091556183
2149575405 2498834547 3968971048 1242613421
4220132368 1564849983 1463548140 2622583030
2169853459

service.bin
2969956365 3589195597 3523749539 3090170732
 689371986  426416463 4232758041 1605706763
 281467725 3763094725 1849438971 3899860109
1728398366  752145212  360027427 4209140705
2190189787  557916108  519345641 3932005564
3275724519 2340365785   34185467 2197140789
1617186636 1980598415 3786799140

stat.bin
2969956365 1136620986 1359268445 2609929192
2436757531 3277871184 3218899367 3557649300
2345365001 1743316517   93150019 1150924167
3875078974 2146053748 3859445533 2140268679

su.bin
2969956365 4220132368 3554879534 3530511423
1782146716    5877454 3207606142 1301395966
3363021847 3275724519 1029030136 4221639606
1283269044 3218899367 2548821438 1202688807

